0,1,2,3,4,5,34,42,44,127,151,170,188,189,192,200,201,207,226,268,275,277,302,311,345,364,401,437,491,494,496,497,504,507,511,533,562,588,615,626,641,665,718,731,742,766,770,774,775,776,
0,1,2,3,4,5,44,127,151,170,188,189,192,200,201,207,226,268,275,277,302,311,345,364,401,437,491,494,496,497,504,507,511,533,562,588,615,626,641,665,718,731,742,766,770,774,775,776,
0,1,2,3,4,5,28,39,40,43,44,46,47,52,56,57,60,61,127,151,170,188,189,192,200,201,207,226,268,275,277,302,311,345,364,401,437,491,494,496,497,504,507,511,533,562,588,615,626,641,665,718,731,742,766,770,774,775,776,
0,1,2,3,4,5,44,127,151,170,188,189,192,200,201,207,226,268,275,277,302,311,345,364,401,437,491,494,496,497,504,507,511,533,562,588,605,606,609,610,615,619,620,624,625,626,641,665,718,731,742,766,770,774,775,776,
0,1,2,3,4,5,44,127,151,170,188,189,192,200,201,207,226,268,275,277,302,311,344,345,347,349,350,352,353,358,361,362,363,364,369,371,375,376,378,383,401,437,491,494,496,497,504,507,511,533,562,588,615,626,641,665,718,731,742,766,770,774,775,776,
0,1,2,3,4,5,44,127,151,170,188,189,192,200,201,207,226,268,275,277,302,311,344,345,347,349,350,352,353,358,361,362,364,374,401,410,411,412,413,416,417,437,491,494,496,497,504,507,511,533,562,588,615,626,641,665,718,731,742,766,770,774,775,776,
0,1,2,3,4,5,44,46,47,63,68,77,82,85,96,115,120,125,126,127,129,134,135,139,140,141,142,147,148,149,150,151,152,163,167,168,170,171,172,174,175,188,189,192,200,201,207,226,268,275,277,302,311,345,364,401,437,491,494,496,497,504,507,511,533,562,588,615,626,641,665,718,731,742,766,770,774,775,776,
0,1,2,3,4,5,28,39,40,43,44,45,51,63,77,82,96,115,127,129,134,140,150,151,169,170,174,180,184,188,189,190,191,192,197,198,199,200,201,202,203,207,213,218,219,226,268,275,277,302,311,345,364,401,437,491,494,496,497,504,507,511,533,562,588,615,626,641,665,718,731,742,766,770,774,775,776,
0,1,2,3,4,5,28,39,40,43,44,46,47,68,85,120,125,126,127,134,135,139,140,141,142,148,149,150,151,152,153,163,168,169,170,188,189,192,200,201,207,226,268,275,277,302,311,345,364,401,437,491,494,496,497,504,507,511,533,562,588,615,626,641,665,718,731,742,766,770,774,775,776,
0,1,2,3,4,5,44,127,151,170,188,189,192,200,201,207,226,268,275,277,302,311,345,364,401,416,417,420,421,425,430,436,437,438,443,449,452,453,454,457,458,459,460,491,494,496,497,504,507,511,533,562,588,615,626,641,665,718,731,742,766,770,774,775,776,
0,1,2,3,4,5,44,127,151,170,188,189,192,200,201,207,226,268,275,277,302,311,345,364,401,437,491,494,496,497,504,507,511,533,562,588,605,606,609,610,615,619,620,623,624,625,626,627,628,634,639,641,665,718,731,742,766,770,774,775,776,
0,1,2,3,4,5,44,45,51,127,140,151,170,188,189,190,191,192,198,199,200,201,203,207,213,217,218,219,220,221,222,223,224,226,228,229,230,232,237,238,268,275,277,302,311,345,364,401,437,491,494,496,497,504,507,511,533,562,588,615,626,641,665,718,731,742,766,770,774,775,776,
0,1,2,3,4,5,44,127,151,170,188,189,192,200,201,207,226,268,275,277,302,311,345,364,401,437,491,494,496,497,504,507,511,533,562,588,605,606,609,615,623,624,625,626,628,634,638,639,641,642,643,644,652,653,658,659,665,718,731,742,766,770,774,775,776,
0,1,2,3,4,5,44,127,151,170,188,189,192,200,201,207,226,268,275,277,302,311,345,364,401,416,417,420,425,430,436,437,438,443,449,452,453,454,457,458,460,466,467,472,473,474,476,477,480,491,494,496,497,504,507,511,533,562,588,615,626,641,665,718,731,742,766,770,774,775,776,
0,1,2,3,4,5,28,39,40,43,44,46,47,52,57,60,61,62,64,71,75,76,79,80,81,82,83,84,86,89,95,96,127,151,170,188,189,192,200,201,207,226,268,275,277,302,311,345,364,401,437,491,494,496,497,504,507,511,533,562,588,615,626,641,665,718,731,742,766,770,774,775,776,
0,1,2,3,4,5,44,127,151,170,188,189,192,200,201,207,226,268,275,277,302,311,345,364,401,437,491,494,496,497,504,507,511,533,562,588,605,606,609,610,615,620,623,624,625,626,628,634,638,639,641,642,643,644,645,646,652,653,657,658,661,662,665,670,718,731,742,766,770,774,775,776,
0,1,2,3,4,5,28,39,40,43,44,46,47,52,56,57,60,61,62,63,64,71,75,76,79,80,82,83,127,151,170,188,189,192,200,201,207,226,268,275,277,302,311,345,364,401,437,491,494,496,497,504,507,511,533,562,588,615,626,641,665,718,731,742,766,770,774,775,776,
0,1,2,3,4,5,28,39,40,43,44,45,51,63,77,82,96,115,127,129,134,140,150,151,169,170,174,180,184,188,189,190,191,192,198,199,200,201,203,207,213,217,218,220,221,224,226,268,275,277,302,311,345,364,401,437,491,494,496,497,504,507,511,533,562,588,615,626,641,665,718,731,742,766,770,774,775,776,

0,1,2,3,4,5,44,127,151,170,188,189,192,200,201,207,226,268,275,277,302,311,345,364,401,416,417,420,421,425,430,436,437,438,443,449,452,453,454,457,458,460,467,481,482,491,494,496,497,504,507,511,533,562,588,615,626,641,665,718,731,742,766,770,774,775,776,
0,1,2,3,4,5,44,127,151,170,188,189,192,200,201,207,226,268,275,277,302,311,345,364,401,416,417,420,421,425,430,436,437,438,443,449,452,453,454,457,458,460,466,467,468,491,494,496,497,504,507,511,533,562,588,615,626,641,665,718,731,742,766,770,774,775,776,
0,1,2,3,4,5,44,127,151,170,188,189,192,200,201,207,226,268,275,277,302,311,345,364,401,437,491,494,496,497,504,507,511,533,562,588,605,606,609,610,615,620,623,624,625,626,628,634,638,639,641,642,643,645,646,665,718,731,742,766,770,774,775,776,
0,1,2,3,4,5,28,39,40,43,44,45,51,63,77,82,96,115,127,129,134,140,150,151,169,170,174,180,184,188,189,190,191,192,198,199,200,201,203,207,213,217,218,219,220,221,222,224,226,228,229,230,232,236,237,240,241,243,244,268,275,277,302,311,345,364,401,437,491,494,496,497,504,507,511,533,562,588,615,626,641,665,718,731,742,766,770,774,775,776,
0,1,2,3,4,5,44,127,151,170,188,189,192,200,201,207,226,268,275,277,302,311,345,364,401,416,417,420,421,425,430,436,437,438,439,443,444,449,452,453,454,456,457,458,460,466,467,481,482,483,486,487,488,490,491,493,494,496,497,504,507,511,533,562,588,615,626,641,665,718,731,742,766,770,774,775,776,
0,1,2,3,4,5,44,46,47,68,85,120,125,126,127,134,135,139,140,141,142,147,148,149,150,151,152,163,167,168,169,170,171,172,173,174,175,176,177,180,181,188,189,192,200,201,207,226,268,275,277,302,311,345,364,401,437,491,494,496,497,504,507,511,533,562,588,615,626,641,665,718,731,742,766,770,774,775,776,
